0	83	41	74	0	13	95	38	55	31	
83	0	72	31	0	93	0	39	0	8	
41	72	0	48	0	40	83	63	42	25	
74	31	48	0	35	35	65	74	93	39	
0	0	0	35	0	10	0	18	0	17	
13	93	40	35	10	0	8	68	23	41	
95	0	83	65	0	8	0	90	47	96	
38	39	63	74	18	68	90	0	94	90	
55	0	42	93	0	23	47	94	0	10	
31	8	25	39	17	41	96	90	10	0	
