0	44	70	100	84	46	0	51	36	50	
44	0	92	96	17	74	31	49	45	51	
70	92	0	79	75	44	0	91	29	84	
100	96	79	0	0	0	39	82	0	72	
84	17	75	0	0	26	98	9	0	59	
46	74	44	0	26	0	10	44	67	21	
0	31	0	39	98	10	0	87	3	48	
51	49	91	82	9	44	87	0	60	8	
36	45	29	0	0	67	3	60	0	77	
50	51	84	72	59	21	48	8	77	0	
